0 0.03233243364822312 0.22188484030589295 0.01664417453891137 0.04802069275753486
0 0.1321412505623032 0.2769343229869546 0.009615384615384616 0.06865721997300941
0 0.053418803418803416 0.258659469185785 0.3230994152046784 0.3160706252811517
0 0.1321412505623032 0.2614709851551957 0.5227170490328386 0.5452091767881241
0 0.1405757984705353 0.26568825910931176 0.7082771030139452 0.7026540710751237
0 0.07428025191183085 0.3048245614035088 0.41492352676563204 0.36572199730094473
0 0.38354700854700857 0.5662955465587044 0.028340080971659905 0.06207827260458838
0 0.45687134502923976 0.5988529014844804 0.19658119658119658 0.1825236167341431
0 0.393387314439946 0.5733243364822312 0.03396311291048134 0.035368870895186665
0 0.11645299145299148 0.2642825011246064 0.01147098515519565 0.07428025191183085
