0 0.2328538286844052 0.12798549765215034 0.14191531079386704 0.1926542117875965
0 0.30858261741219434 0.2059364104569168 0.16524089801454794 0.11891405151462646
0 0.49516050134875667 0.13948440998221392 0.16166273531690153 0.16717785065230667
0 0.7189897176405924 0.19892278468894012 0.1234028197577515 0.10575445787960117
0 0.8742856359217309 0.2032101499445345 0.09747742502413964 0.10188943454828549
0 0.2600425568074256 0.4921549112728369 0.18716052486738427 0.14855480745887314
0 0.5062351611232816 0.4263354819469984 0.1494654126556412 0.17593786553354238
0 0.722804792766001 0.45904479036966656 0.1044804139062537 0.11551057262560455
0 0.5143412022017709 0.43859699074622555 0.1466820032397994 0.14778501911173453
0 0.2882792166505837 0.20267011104688742 0.17972982113140007 0.11244561910111747
